x = [1.3604935458559992, 1.5853985257024064, 0.5679347497479994, 0.21802392874941856, 0.06206493009274472, 1.6038707575944073, 1.5373131133875226, 1.4259588903280196, 0.43245973529077086, 0.257850612191316, 0.8605233835228834, 1.2181914607549382, 1.685409170644646, 0.12380139845637994, 0.13435858737521222, 0.4033370073012925, 0.619722978580614, 1.8628033810771025, 0.40953337540132173, 0.30874442757643994, 1.6891968832960647, 1.4690587356094642, 1.0467612052854245, 1.9070607586182264, 0.3931032996568269, 1.5213063293089268, 0.6792243360513193, 1.0368081016233708, 0.6336032973174668, 0.374905103792015, 1.771763274305583, 1.1559028146600263, 0.17306906153876445, 0.40602786961550885, 1.9021950999201134, 0.7404956567184318, 0.9651727271458386, 1.9916255775351712, 0.2532403679742896, 1.2463066512639314, 1.241263902486962, 1.7213322132140918, 1.3414349017801748, 0.8749630082448829, 0.2365239274541533, 0.6619637276533039, 0.14776060842856809, 0.44702252616842086, 0.7825174342129761, 0.6568730252477795]
y = [1.8860894486952637, 3.4538075220063913, 0.4326122937324488, -0.16109290897894835, 1.0258216227918515, 2.5614347377115334, 3.9711567124023173, 2.5050179041851806, 0.44187536608782496, 0.32763720038740907, 1.8914749598149787, 2.978721894531936, 2.5263464521598777, 1.2309986450932542, -0.0002015887018562701, 0.40845185338253454, 1.261882153097084, 2.890613004730457, 1.5142607191006958, 1.4558182978954157, 3.0535665102311498, 2.5305265858696826, 2.9943005644276735, 4.775595583754577, 0.2511451686187445, 2.662286088591588, 0.7013711036412655, 1.3574878178829441, 0.45879261586108844, 1.041383576988614, 3.2345537741888895, 2.9442588452869383, 0.32481178798514976, 0.5676922986388366, 4.6507103639541985, 1.9206250787747186, 2.0631617694637643, 4.718498033969695, 0.328918880734296, 2.5468066110409096, 2.56571088586923, 3.1028383540315225, 1.916718978555218, 1.9674896037631926, 0.20908513317900246, 1.3752289600324012, 0.21057773380247213, 1.1962232390302614, 0.7068252906124675, 1.428520921524234]
